#Paramètres
#Mon Apr 29 17:45:28 CEST 2019
currentZoom=12
lat=47.879512933970496
lon=-6.822509765625
