#Paramètres
#Sun Apr 28 15:13:48 CEST 2019
currentZoom=12
lat=44.48866833139464
lon=1.922607421875
