#Paramètres
#Mon Apr 29 18:48:20 CEST 2019
currentZoom=11
lat=45.4986468234261
lon=4.2242431640625
