#Paramètres
#Sun Apr 28 16:12:28 CEST 2019
currentZoom=14
lat=42.84375132629021
lon=0.1318359375
