#Paramètres
#Sun Apr 28 16:23:26 CEST 2019
currentZoom=13
lat=42.65012181368022
lon=0.59326171875
