#Paramètres
#Sun Apr 28 16:34:22 CEST 2019
currentZoom=11
lat=44.268804788566165
lon=6.8719482421875
