#Paramètres
#Sun Apr 28 16:20:37 CEST 2019
currentZoom=13
lat=46.227638
lon=2.213749
