#Paramètres
#Sun Apr 28 16:05:25 CEST 2019
currentZoom=12
lat=43.74728909225908
lon=5.350341796875
