#Paramètres
#Sun Apr 28 15:26:04 CEST 2019
currentZoom=12
lat=43.77109381775651
lon=4.010009765625
