#Paramètres
#Sun Apr 28 07:18:26 CEST 2019
currentZoom=7
lat=43.31468696117798
lon=5.3482818603515625
