#Paramètres
#Fri May 03 15:40:27 CEST 2019
currentZoom=10
lat=43.12504316740127
lon=5.152587890625
