#Paramètres
#Mon Apr 29 18:58:27 CEST 2019
currentZoom=15
lat=48.28319289548349
lon=-12.83203125
