#Paramètres
#Sat May 04 17:37:57 CEST 2019
currentZoom=10
lat=42.204107493733176
lon=5.7843017578125
