#Paramètres
#Mon Apr 29 19:32:25 CEST 2019
currentZoom=15
lat=42.48830197960227
lon=-0.3515625
