#Paramètres
#Mon Apr 29 18:56:41 CEST 2019
currentZoom=15
lat=47.144897485553976
lon=3.218994140625
