#Paramètres
#Mon Apr 29 13:29:11 CEST 2019
currentZoom=9
lat=43.549543451458504
lon=5.9710693359375
